function y=e1_n8_n1(x)
 y=[(-0.5E0)+x(1),(-0.5E0)+x(2),(-1/4).*pi+x(3),(-0.707107E-1)+x(4),(-0.777817E0)+x(5),(-3/4).*pi+x(6),0.353553E0+x(7),(-0.777817E0)+x(8),(-1/4).*pi+x(9),(-3/4).*pi+x(10)];
